#station;bias;RMSE;MAE;R2
#-;w/m2;w/m2;w/m2;-
EIN;-20.2;117.5;72.7;0.809
STC;-13.1;97.7;64.9;0.884
SBO;18.3;96.7;61.7;0.886
BIE;20.0;106.0;62.8;0.852
THU;5.0;96.8;59.3;0.873
FRE;15.3;138.3;86.2;0.753
CHU;-1.1;116.3;76.0;0.837
ABO;-4.6;135.1;89.8;0.788
ILZ;-2.2;127.5;83.8;0.795
NAS;-25.4;150.6;98.7;0.713
BLA;36.0;181.3;125.7;0.646
ROB;30.7;152.3;107.8;0.748
DAV;-25.5;162.6;108.2;0.67
BER;-5.1;95.6;58.8;0.88
GRE;7.3;95.5;59.7;0.883
EVI;37.9;132.4;93.6;0.801
CDF;-5.0;123.6;77.4;0.787
GRO;52.1;174.3;119.1;0.664
TIT;-67.0;193.2;132.8;0.525
ENG;-0.1;160.6;109.0;0.685
LAT;15.4;159.0;108.9;0.701
DEM;-0.9;112.2;69.4;0.823
CIM;-9.4;108.6;69.1;0.857
BIZ;13.9;89.9;58.1;0.884
GRA;-10.0;99.1;62.0;0.875
GRH;-7.1;176.5;122.6;0.647
PMA;-52.7;174.2;119.5;0.6
RAG;9.8;106.5;69.2;0.852
LUZ;5.5;102.2;62.2;0.855
MUB;-2.0;91.6;58.4;0.893
COM;47.4;138.0;93.7;0.775
PAY;1.8;85.2;53.0;0.905
CEV;80.4;168.3;117.1;0.665
GUE;-63.2;181.6;121.9;0.592
ANT;-20.9;175.6;118.7;0.649
UEB;-15.5;103.8;68.7;0.866
SHA;19.4;91.8;58.9;0.882
BRL;0.8;122.7;75.9;0.786
BUS;6.1;91.2;57.7;0.89
CMA;-6.5;155.9;100.7;0.664
MTR;-5.4;137.1;89.2;0.762
CHD;-13.0;117.7;74.7;0.835
SAM;-13.8;154.3;105.4;0.721
COV;-55.5;178.3;125.8;0.587
GIH;12.5;117.3;77.2;0.817
HAI;-3.3;91.6;58.3;0.887
SIA;-35.6;168.6;114.5;0.669
LUG;3.1;87.2;52.8;0.904
SBE;14.3;140.6;98.1;0.769
HOE;-6.7;102.8;66.8;0.861
OTL;-2.1;86.3;52.0;0.91
ORO;-8.0;103.5;62.6;0.863
KOP;-0.9;89.8;55.3;0.893
SMM;2.0;169.3;116.6;0.672
BOL;6.2;129.8;84.3;0.795
RUE;-8.6;99.6;63.9;0.871
VLS;38.6;204.8;148.5;0.581
CHA;3.7;139.2;88.3;0.721
ROE;-15.0;163.0;115.1;0.729
WFJ;-34.2;149.7;100.6;0.697
SAE;-45.6;156.1;107.0;0.669
GVE;0.4;83.9;50.8;0.914
MVE;-18.1;133.6;85.4;0.797
PSI;-4.8;92.2;57.3;0.889
AND;36.0;138.7;97.3;0.773
AIG;7.6;98.5;61.8;0.877
GSB;8.3;168.1;118.3;0.698
MAG;25.7;90.5;60.4;0.893
ARH;6.2;92.8;58.7;0.887
PLF;-18.7;106.7;67.5;0.853
TAE;-5.0;99.3;61.4;0.868
KLO;5.0;85.6;52.7;0.901
ARO;-3.8;148.0;98.1;0.696
PUY;12.5;82.9;53.4;0.909
WYN;9.8;87.7;55.6;0.897
NAP;-7.1;105.4;68.4;0.842
CRM;16.3;98.0;60.3;0.874
NEU;10.7;88.0;55.2;0.9
HLL;-2.8;91.3;57.7;0.888
MLS;-12.3;130.7;83.7;0.768
VAB;-20.9;163.5;111.3;0.683
CHZ;4.8;94.9;59.2;0.879
BIA;51.3;156.4;105.6;0.734
WAE;-7.0;98.3;61.8;0.873
BUF;1.0;154.0;105.8;0.709
REH;9.9;86.8;55.6;0.895
MAH;6.9;102.9;62.4;0.868
FRU;-3.2;130.0;84.0;0.79
GUT;1.6;92.6;57.0;0.883
VAD;-8.1;130.9;85.2;0.778
EGO;1.0;92.7;57.0;0.88
DOL;-0.4;141.1;91.1;0.735
DIS;-2.4;146.3;97.8;0.743
ULR;-12.3;175.7;118.8;0.65
MTE;54.6;194.5;139.1;0.602
GEN;29.7;142.2;85.5;0.712
GLA;26.0;125.3;84.3;0.796
ATT;-39.8;166.2;114.2;0.668
VIO;35.7;174.7;124.0;0.649
SCU;-12.3;146.0;96.0;0.735
VEV;8.8;90.0;56.0;0.893
BAN;-7.7;97.8;63.2;0.879
MOE;6.3;88.4;55.0;0.894
BAS;-1.3;93.2;56.6;0.879
LAG;-7.3;108.2;65.7;0.843
EBK;-10.5;108.0;67.5;0.839
MER;-4.4;141.9;95.3;0.74
EVO;-20.5;177.2;120.4;0.656
LAE;5.5;93.9;59.3;0.883
STG;-2.7;100.9;63.5;0.861
SPF;-7.5;110.7;69.7;0.838
ALT;13.6;115.9;78.1;0.828
BEH;-19.8;146.3;98.4;0.755
BEZ;5.5;94.2;57.4;0.881
CHM;17.6;125.1;76.2;0.789
MOA;0.1;89.0;56.1;0.895
PIO;26.5;139.3;96.4;0.773
MRP;-73.5;235.6;164.8;0.47
ELM;22.4;173.9;122.2;0.628
SMA;7.9;88.5;55.9;0.892
ZER;-12.7;203.4;143.1;0.588
GOR;-95.1;228.9;159.4;0.406
SIM;21.4;150.9;105.1;0.759
GOE;0.9;92.7;59.2;0.889
EGH;-13.6;171.6;112.2;0.602
GRC;-5.4;153.5;106.0;0.745
VIS;-0.0;138.8;92.0;0.793
FAH;-6.9;97.3;62.6;0.877
CGI;9.9;88.5;53.6;0.9
DIA;-30.3;159.5;112.0;0.688
SIO;-12.4;119.9;75.5;0.83
JUN;-75.6;218.8;154.2;0.485
INT;17.0;106.9;71.0;0.855
LEI;7.1;90.8;55.7;0.888
PIL;-4.3;155.1;99.1;0.635
